                12          22322321                        0  0
 111111          232221122232 2  2         111111111          0 
 155551           2  1112  2  2  3221      1555555511       21  
 155551         0 2  11 22 2223232         1555555551       1   
 155551          22 2222 22     2  0 0     15555555511     0    
 155551          1  2  21 2     1   1      155555555511   0     
 211111             2 1   2        1321    155555555551         
 2   11             322   2111             1555555555511        
 2   11             1  1232111111          1111115555111        
 2   11                  2  155511         11   115551          
22   11                  2  1555511        11    11511          
1    11                  2  155555111      11     151          1
     11                  2  1555555511     11     121          2
     11                 23221555555551     12      2           2
     11         1     223  155555555511     2      2          22
     11         2    22 1  1555555555511    2      2         12 
     11         2    1     15555555555511   2    112         11 
     11         2         115555555555551   2   1111        111 
     11         2        11555555555555511112111212        1151 
     11         2   0 222255555555555555555555551 22       1551 
     11         2    22  211211211211115555555112  1      11551 
     11         2    1 122  2  1  2   155555112 1         15551 
     11         2321  1 12  1     1   1555112 1   0      115551 
     11          2   132 2            15112 1    0       155551 
     11          2  0  322           1151 1   121       1155551 
     11          321   2            11551    131        1555551 
     11          2  0  1            15551     1         1555551 
     11          2   0      0      1155511   0       1  1555551 
     11          2                11555551           2  1555551 
     11          1  0            221115551           2211555551 
     11                         22   1151221  1       155555551 
     11         1 0            22     212     2      1155555551 
     11        131            22      2 1     2      1555555551 
     11        11 0          22   1   2       2      1555555551 
     11                     22 1  22  2   0   2     11555555551 
     11     12  0    1     22  2   2  2       2     15555555551 
     11      1      12    22   2   2  211     2     15555555551 
     11    1              2    2111322211     1    115555555551 
     11    2    0     0  22  1225551   121     1   155555555551 
     11    1             1     15511    21     2   155555555551 
     11       0 0      21      1551  1  2      2  1155555555551 
     11                2       1551  2  2      2  1555555555551 
     11          1   1 1       1212223  2      2  1555555555551 
     11          2  22          2    2323      2  1555111115551 
     11   0      1 12           2     2 1      22115551   15551 
     11        0  0  0          2     2         1555551   15551 
     11             0           22    2         1555551   15551 
     11         0                222122         2111112   15111 
     12                            151         22     1   151   
      321          12          122 151         2          211   
1     2  0     0    1            221511        2         12     
22    2                           1555111      221       21     
 22   31           0              155555111     1111     2      
  2   2             0             155555551     1511    22      
  2   321    0        0         111555555511    151  12 2       
  2   2            121          1555555555511   111   222       
  2   2                     0   1555555555551    122   21       
  2   31              0         1555555555551      2   2        
  2   2           0             1555555555551      22232        
  2   2                        115555555555511        2         
  2   2             0          155555555555551       22         
  2   2                        155555555555551       1          
  2   2                     0  2111111111111122                 
  1   1         0            122              1                 
