                12          22322321                        0  0
                 23222  22232 2  2                            0 
                  2  2323  2  2  3221                       21  
                0 2   2 22 2223232                          1   
                 22 2232 22     2  0 0                     0    
  2222           1  2  21 2     1   1         2222        0     
 22  2              2 1   2        1321      22  221            
 2   2              322   2                 22    121           
 2   2              1  123322               2      1321         
 2   2                   2  22              2       2           
22   2                   2   22             2      22           
1    2                   2    2             2      2           1
     2                   2    2             2      2           2
     2                  2322  22            2      2           2
     2          1     223  22  2            2      2          22
     2          2    22 1   22 22           2      2          2 
     2          2    1       22 21          2      2          2 
     2          2             222221        2     22          2 
     2          2            222  22222     2   223          22 
     2          2   0 22232232 2  2   22    22223 22         2  
     2          2    22  2  2  2  2    2322322  2  1         2  
     2          2    1 122  2  1  2     2  2 22 1            2  
     2          2321  1 12  1     1    232 22 1   0         22  
     2           2   132 2             2 22 1    0          2   
     2           2  0  322             2  1   121           2   
     2           321   2               2     131            2   
     2           2  0  1               2      1             2   
     2           2   0      0         22     0       1     22   
     2           2                  223              2     2    
     2           1  0            2222 22             22    2    
     2                          22     22221  1       22   2    
     2          1 0            22     222     2        22  2    
     2          21            22      2 1     2         2232    
     2            0          22   1   2       2           2     
     2                      22 1  22  2   0   2           2     
     2      12  0    1     22  2   2  2       2          12     
     2       1      12    22   2   2  2       2          11     
     2     1              2    2   32232      1          11     
     2     2    0     0  22  1232322   22      1        111     
     2     1             1       2      2      2        212     
     2        0 0      21        2   1  2      2      222 22    
     2                 2         2   2  2      2     22    22   
     2           1   1 1        232223  2      2    22      2   
     2           2  22          2    2323      2    2       2   
     2    0      1 12           2     2 1      22   2       2   
     2         0  0  0          2     2         22  2       2   
     2              0           22    2          32232     232  
     2          0                222322         22   22    2 1  
     22                             2          22     1    2    
      321          12          122  2          2          22    
1     2  0     0    1            22 2          2         12     
22    2                           223          22        21     
 22   31           0                2           2        2      
  2   2             0               2           231     22      
  2   321    0        0             22           2   12 2       
  2   2            121               2           2    222       
  2   2                     0        22          222   21       
  2   31              0               2            2   2        
  2   2           0                 2232           22232        
  2   2                            22  222            2         
  2   2             0             22     22          22         
  2   2                         222       222        1          
  2   2                     0  22           222                 
  1   1         0            122              1                 
