                12          22322321                        0  0
                 23222  22232 2  2                            0 
  1111            2  2323  2  2  3221       1111111         21  
  1551          0 2   2 22 2223232          15555511        1   
  1551           22 2232 22     2  0 0      15555551       0    
  2112           1  2  21 2     1   1       155555511     0     
 22  2              2 1   2        1321     1555555511          
 2   2              322   2                 2111115551          
 2   2              1  123322               2    115121         
 2   2                   2  2211            2     111           
22   2                   2   1511           2      21           
1    2                   2   15511          2      2           1
     2                   2   1555111        2      2           2
     2                  2322 15555511       2      2           2
     2          1     223  2215555551       2      2          22
     2          2    22 1   1555555511      2      2          2 
     2          2    1      15555555511     2      2          2 
     2          2           155555555511    2     22          2 
     2          2          1155555555551    2   223          22 
     2          2   0 222322211211211112111122223 22        12  
     2          2    22  2  2  2  2    1555112  2  1        11  
     2          2    1 122  2  1  2    15112 22 1          111  
     2          2321  1 12  1     1    212 22 1   0        151  
     2           2   132 2             2 22 1    0        1151  
     2           2  0  322             2  1   121         1551  
     2           321   2              12     131         11551  
     2           2  0  1             111      1          15551  
     2           2   0      0        151     0       1   15551  
     2           2                  22111            2   15551  
     2           1  0            2222 111            22  15551  
     2                          22     12221  1       22115551  
     2          1 0            22     222     2        1555551  
     2          21            22      2 1     2       11555551  
     2            0          22   1   2       2       15555551  
     2                      22 1  22  2   0   2       15555551  
     2      12  0    1     22  2   2  2       2      115555551  
     2       1      12    22   2   2  2       2      155555551  
     2     1              2    2   32232      1      155555551  
     2     2    0     0  22  1232222   22      1    1155555551  
     2     1             1      11      2      2    1555555551  
     2        0 0      21       11   1  2      2    1555555551  
     2                 2        11   2  2      2   11555555551  
     2           1   1 1        222223  2      2   15111111151  
     2           2  22          2    2323      2   151     151  
     2    0      1 12           2     2 1      22  151     151  
     2         0  0  0          2     2         221151     151  
     2              0           22    2          21112     212  
     2          0                222322         22   22    2 1  
     22                             2          22     1    2    
      321          12          122  2          2          22    
1     2  0     0    1            22 2          2         12     
22    2                           2221         22        21     
 22   31           0               15111        2        2      
  2   2             0              1555111      231     22      
  2   321    0        0            1555551       2   12 2       
  2   2            121           1115555511      2    222       
  2   2                     0    15555555511     222   21       
  2   31              0          15555555551       2   2        
  2   2           0              15555555551       22232        
  2   2                          15555555551          2         
  2   2             0           1155555555511        22         
  2   2                         2111111111112        1          
  2   2                     0  22           222                 
  1   1         0            122              1                 
